0001759
0003020
0003136
0003141
0003220
0003378
0004092
0005072
0005186
0006331
0007576
0007607
0009526
0010294
0010382
0012047
0013210
0014526
0014986
0018487
0018555
0019528
0020248
0022223
0022635
0022665
0025383
0026486
0026973
0027663
0030784
0030871
0031643
0032555
0033018
0035366
0035578
0036450
0036701
0037316
0040548
0040727
0041570
0041933
0043213
0043817
0045243
0045674
0046808
0047775
0050000
0051156
0051214
0051369
0051398
0051871
0052150
0053087
0053313
0053880
0055169
0056036
0056554
0057603
0058153
0059179
0060608
0060768
0061289
0061659
0064353
0064781
0065408
0067924
0069422
0070660
0071665
0071877
0073182
0073322
0073991
0074603
0075409
0078676
0080367
0081562
0081723
0082153
0082606
0082763
0085436
0085998
0087955
0088208
0088446
0089363
0089587
0091599
0092203
0092559
0093125
0093396
0093550
0095516
0095751
0098276
0098626
0101575
0101604
0101725
0102931
0103268
0103499
0103535
0104092
0104420
0109460
0110744
0111061
0111149
0111482
0111560
0112245
0114020
0114238
0114657
0116101
0116786
0117599
0117734
0119464
0119650
0119665
0120225
0121295
0121519
0123300
0125421
0125977
0127392
0128562
0129527
0130296
0133097
0136219
0136259
0136750
0137082
0137211
0137970
0138839
0139613
0139628
0142909
0143655
0145579
0145607
0145730
0145850
0146095
0149530
0151327
0152239
0152934
0153141
0153324
0153428
0153709
0154068
0154701
0154815
0155047
0156224
0161752
0162955
0163590
0166069
0166574
0167638
0167654
0167943
0168772
0169006
0169501
0169512
0170639
0170718
0170940
0170963
0171322
0171666
0172620
0172667
0172796
0172978
0174012
0175830
0177226
0177331
0180326
0180507
0180703
0180782
0180811
0181967
0184233
0184668
0186086
0186878
0187951
0188463
0188719
0189451
0190287
0190887
0190941
0191122
0191524
0191846
0192137
0192155
0193108
0193602
0196460
0197164
0197473
0200052
0201656
0201896
0202306
0204385
0205067
0205465
0206598
0206965
0207024
0207407
0207449
0207543
0208387
0208688
0209036
0209612
0209916
0211116
0211658
0212195
0212494
0212511
0215024
0215139
0217004
0218126
0218300
0222710
0223577
0224050
0224640
0226013
0226177
0227607
0227613
0227666
0227902
0228034
0232632
0233507
0234226
0235707
0236369
0236398
0237283
0239227
0241309
0242391
0242874
0243831
0243952
0245405
0246344
0247954
0249117
0249839
0250706
0252254
0253886
0254866
0256156
0257361
0257817
0263992
0264777
0265267
0266882
0266891
0267887
0270694
0270695
0271356
0272382
0272500
0272820
0272919
0273747
0274217
0274345
0274663
0277633
0277820
0278471
0279284
0279403
0279852
0279858
0279966
0281769
0281953
0281980
0282127
0283694
0283900
0284267
0285088
0285156
0286838
0288055
0288220
0288704
0289243
0289253
0290065
0291237
0292620
0292630
0296765
0296903
0297070
0297514
0302145
0302934
0303497
0303528
0304016
0304240
0304296
0304523
0304840
0304931
0304983
0306403
0306807
0307872
0311831
0312231
0312889
0315188
0317211
0318617
0318739
0320031
0320042
0320360
0321165
0321917
0322180
0322466
0322513
0324486
0325230
0325377
0327128
0327216
0327432
0327718
0327726
0328085
0329432
0329534
0330397
0331184
0333350
0335703
0337034
0340084
0343308
0344545
0344579
0347014
0347263
0348034
0349411
0349664
0350480
0351827
0352009
0352030
0355287
0355697
0357729
0358279
0358611
0359491
0359693
0361489
0362840
0363207
0368250
0368728
0369428
0369998
0370902
0372140
0373147
0373220
0373509
0373825
0373904
0374183
0374197
0374199
0374942
0375060
0375252
0376483
0376684
0377356
0378408
0378473
0379518
0380208
0380259
0380379
0381671
0382066
0383489
0383709
0384380
0384413
0386535
0389962
0390989
0391552
0391907
0395502
0396003
0396054
0396488
0397398
0397794
0399730
0400282
0400430
0401819
0402149
0403202
0403928
0404008
0404666
0405101
0405341
0406153
0406302
0408030
0409865
0410427
0410544
0410809
0411148
0411624
0413031
0414520
0414877
0414884
0416045
0416047
0416186
0416883
0417554
0417979
0419244
0419983
0420758
0421616
0421965
0424644
0425071
0426222
0427281
0427540
0427762
0428135
0431591
0432932
0433152
0433411
0434161
0434322
0435306
0436052
0438452
0438589
0438614
0438779
0439545
0439842
0440783
0441139
0441817
0445435
0445556
0445699
0445774
0445828
0446691
0446984
0447523
0447631
0447680
0448235
0448516
0448557
0450555
0452756
0453523
0453625
0453715
0453942
0454215
0454350
0454449
0454931
0457343
0459702
0459862
0459868
0460291
0460527
0461480
0461781
0462105
0462557
0463109
0463466
0463845
0464008
0464354
0464480
0465146
0465740
0466657
0468618
0469093
0469480
0470732
0472150
0472210
0472574
0472716
0472864
0473879
0473904
0473927
0474298
0474964
0475075
0476170
0477131
0478018
0479934
0482833
0483296
0484160
0484534
0484535
0485647
0485782
0485844
0485898
0485977
0486096
0486469
0486914
0488615
0488621
0488652
0488976
0489245
0489433
0489438
0490165
0490173
0490180
0492390
0492975
0493028
0493044
0493423
0493928
0494754
0496028
0496082
0496616
0497979
0500897
0501123
0501526
0501790
0502329
0502916
0503335
0503381
0503659
0504077
0504099
0504705
0504711
0505600
0505665
0505921
0506063
0506301
0506544
0506835
0508270
0508377
0508527
0510215
0510524
0510897
0511062
0511071
0511560
0513165
0514007
0514258
0516029
0516376
0516825
0517047
0517185
0518263
0519064
0519399
0519629
0519670
0519747
0521533
0521662
0522103
0522686
0522906
0523216
0524755
0525452
0525826
0526581
0529665
0529901
0530246
0530606
0531257
0531783
0532462
0532721
0533180
0533805
0533810
0533877
0533972
0536623
0536958
0539104
0539114
0539465
0539795
0540130
0540398
0540790
0541009
0541496
0541808
0543283
0544350
0544768
0545384
0545411
0546752
0546934
0547255
0547367
0550152
0550917
0551306
0552797
0552920
0553225
0555302
0555568
0555883
0555956
0556373
0557498
0557598
0558873
0558875
0559036
0559038
0559542
0559641
0560296
0560897
0561454
0562204
0562639
0562650
0563973
0564354
0564744
0565654
0565748
0566491
0566560
0567001
0568603
0568685
0569397
0569959
0569985
0571036
0572042
0572051
0572178
0572279
0572538
0573249
0573289
0574580
0574677
0575767
0576430
0576452
0577559
0577801
0577900
0578057
0578130
0578248
0578587
0578971
0579297
0579781
0580042
0581333
0581470
0582562
0582863
0582944
0583070
0583157
0585994
0586166
0586357
0587153
0587987
0588866
0589221
0590931
0591201
0591815
0592609
0592986
0593186
0593332
0593528
0593673
0593811
0594005
0594042
0594166
0594417
0594798
0595192
0595251
0595326
0595359
0595559
0596066
0596279
0597285
0598147
0598364
0599031
0599300
0599480
0600127
0600901
0601267
0601756
0602561
0602951
0603037
0603349
0603414
0603897
0604972
0604997
0605121
0605552
0605810
0605906
0606477
0606831
0607799
0607850
0608398
0609014
0610315
0610668
0611524
0612023
0612557
0613077
0613549
0613834
0614206
0614664
0614890
0615061
0616253
0616297
0616389
0616680
0617066
0617100
0618140
0618444
0619070
0619307
0619670
0619846
0620371
0621345
0622514
0623901
0624005
0624105
0624153
0624715
0624793
0624957
0625783
0625878
0626136
0627158
0627572
0627960
0628023
0628076
0628957
0629307
0629658
0630037
0630187
0630573
0631313
0631677
0631725
0631756
0632270
0632838
0633783
0633883
0633888
0634118
0634511
0634519
0634976
0635166
0635243
0635460
0635831
0636692
0636989
0637166
0637375
0637730
0638070
0638500
0638727
0638791
0639777
0640655
0640673
0641223
0641283
0641534
0641682
0641885
0642269
0642399
0642419
0642438
0642745
0643046
0643228
0643622
0643701
0644203
0644719
0644824
0645393
0645424
0645568
0645574
0645759
0646783
0646988
0647548
0647588
0648104
0648205
0648935
0649145
0649317
0649699
0649805
0649906
0652524
0653519
0653558
0653851
0654258
0654396
0654450
0654572
0654647
0655001
0655044
0655292
0655845
0656124
0656169
0656271
0656378
0656515
0656869
0657274
0657485
0657667
0658264
0658280
0658416
0659278
0659554
0660241
0660705
0661549
0662683
0663218
0664133
0664505
0664801
0665087
0665331
0665637
0667092
0667579
0667688
0667902
0668088
0668865
0669506
0669993
0670537
0670541
0670550
0670794
0670985
0671590
0671690
0671739
0672017
0672070
0672085
0672209
0672275
0672280
0672383
0672817
0673073
0673092
0673426
0674212
0675949
0676300
0676355
0676477
0676519
0676660
0676795
0677204
0677889
0679067
0679449
0679581
0679819
0680015
0680384
0680519
0680703
0680756
0680797
0680870
0681020
0681046
0681266
0681472
0681851
0681858
0682050
0682128
0682680
0683899
0684011
0684415
0684603
0684755
0685946
0686247
0686278
0686336
0686704
0687565
0687673
0687857
0688404
0690111
0690369
0690790
0691289
0691926
0692281
0693334
0693667
0693917
0694216
0694560
0695078
0696100
0696187
0696740
0696903
0697552
0697828
0698886
0698915
0699078
0699827
0701603
0701848
0702377
0702382
0702961
0702997
0704735
0705714
0705990
0706000
0706170
0706237
0707262
0707640
0708094
0708637
0709029
0709105
0709397
0709685
0709699
0710462
0710468
0710539
0711160
0711251
0711463
0711498
0711946
0712143
0712880
0712968
0715533
0715579
0715642
0715771
0716302
0717276
0717357
0717617
0717674
0717913
0718107
0718116
0718471
0718926
0720341
0720612
0720752
0720856
0720932
0721079
0721811
0721892
0721893
0721902
0722098
0722530
0723369
0723700
0724326
0724376
0724996
0726734
0726848
0726938
0727313
0727457
0727765
0728082
0728461
0728702
0730135
0731154
0731233
0731268
0731321
0731454
0731855
0732034
0732488
0734263
0735043
0735137
0735783
0736164
0737477
0737614
0737661
0737784
0738241
0738321
0738591
0738690
0739360
0739553
0739591
0740953
0741843
0742369
0742589
0743673
0744730
0745484
0745758
0746140
0746269
0746561
0746901
0747308
0747354
0747707
0747926
0748129
0748163
0748492
0749221
0750038
0750160
0750474
0750650
0751191
0752609
0753028
0754848
0755307
0755918
0756022
0756223
0756321
0756366
0756409
0756430
0756724
0756936
0757004
0758192
0758280
0758387
0758984
0759005
0759744
0760060
0762317
0762442
0763058
0763189
0763248
0763386
0763731
0764075
0764123
0765190
0765867
0765962
0766131
0766230
0766407
0766625
0766899
0767935
0768013
0768155
0768241
0770346
0770964
0771273
0771360
0771592
0771635
0771653
0771882
0772299
0772686
0772746
0773125
0773290
0773390
0773826
0773853
0773901
0774248
0774810
0775374
0775599
0776484
0777348
0777778
0777824
0778371
0778641
0779299
0779769
0779869
0781283
0781429
0781905
0782076
0782544
0782878
0783207
0783249
0783527
0784058
0784949
0785961
0786344
0786616
0786749
0787708
0788262
0788367
0788814
0789116
0789232
0789809
0790435
0790852
0791329
0791468
0791526
0792667
0792874
0793367
0793727
0794225
0794820
0795030
0795158
0795285
0795373
0795747
0796115
0796455
0796700
0797105
0797292
0797431
0797550
0797620
0797795
0798054
0798340
0798649
0798990
0799274
0799441
0799479
0799756
0799851
0801089
0801131
0801338
0801405
0801559
0801783
0803455
0803642
0804192
0804213
0804353
0804910
0804939
0805803
0805920
0806302
0806310
0806352
0806567
0806689
0806725
0806771
0806802
0806840
0806956
0807059
0807374
0807471
0807617
0807683
0808475
0808742
0808809
0808859
0809447
0809583
0810079
0810526
0810798
0810873
0810875
0811463
0811586
0811646
0811824
0811936
0812037
0812044
0812223
0812239
0812317
0812449
0813002
0813066
0813134
0813324
0813828
0814384
0814402
0814543
0815077
0815383
0815487
0816063
0816532
0816731
0816786
0816990
0818086
0818365
0819291
0819658
0820915
0821077
0821844
0822390
0822850
0822976
0823063
0823835
0824247
0824987
0825425
0826244
0826555
0826798
0826815
0827200
0827391
0827463
0828062
0829701
0829782
0830092
0830305
0830334
0830535
0830710
0830735
0830810
0831110
0831349
0831542
0831869
0832029
0832321
0832608
0832622
0833130
0834125
0834146
0834354
0834356
0834358
0834806
0835045
0835206
0835537
0836361
0836589
0836946
0837006
0837175
0837374
0837496
0837757
0837779
0837816
0838245
0838706
0838741
0838795
0839294
0839460
0839813
0839899
0839975
0840364
0840432
0840551
0840832
0840864
0840915
0841065
0841207
0841592
0841881
0842158
0842545
0842709
0843011
0843601
0843720
0843880
0844106
0844804
0844858
0845055
0845440
0845842
0846085
0846220
0846438
0847104
0847234
0847374
0847378
0847482
0847506
0847688
0848009
0848671
0848907
0849103
0849194
0849211
0849307
0849530
0849769
0849774
0849813
0850794
0850893
0851013
0851034
0851213
0851411
0851707
0851897
0852516
0852973
0854289
0854486
0854790
0855328
0856965
0858764
0859773
0859942
0861379
0861688
0862054
0862309
0862595
0862976
0863544
0863873
0864105
0864179
0864732
0866033
0866073
0866755
0866909
0867430
0868594
0868865
0868899
0869599
0869799
0869992
0871348
0871572
0871593
0871614
0872355
0872687
0872866
0873504
0874224
0874225
0874920
0875361
0876727
0877106
0877202
0877927
0878901
0879367
0880240
0880256
0880651
0880853
0880996
0881222
0881331
0881704
0881798
0882549
0882553
0883118
0883500
0883510
0883558
0883745
0883757
0884069
0884279
0884608
0885483
0885501
0885674
0886138
0886154
0886372
0886459
0888071
0888144
0888432
0889628
0890210
0890251
0890321
0891795
0892303
0892358
0892838
0892853
0894049
0894104
0894120
0894519
0894792
0895149
0895293
0895507
0895655
0895750
0898008
0898119
0898758
0898954
0899402
0899529
0899539
0901070
0901566
0901880
0902052
0902946
0903262
0903275
0903596
0904349
0906081
0906776
0906837
0906978
0908019
0908217
0908514
0909008
0909321
0909867
0910156
0910477
0911458
0911532
0911758
0911985
0912267
0912324
0912580
0913549
0914224
0914797
0915781
0915914
0915931
0915972
0916299
0916385
0917369
0917454
0917850
0918109
0919590
0920020
0920275
0920532
0921192
0921562
0922349
0922363
0922489
0923513
0924323
0924954
0924987
0925332
0926107
0927035
0927776
0927829
0928271
0929640
0929645
0929653
0929659
0929808
0930246
0931124
0931428
0931955
0932116
0932435
0932955
0933002
0933204
0933845
0934498
0934938
0935834
0936512
0936898
0936977
0937408
0937605
0937671
0938532
0938831
0939532
0940556
0940796
0941173
0941301
0941975
0942138
0942413
0942473
0944124
0944600
0944669
0944895
0945051
0945166
0945370
0945556
0946537
0946852
0947054
0947128
0947485
0947856
0948053
0948272
0948992
0949328
0949347
0949961
0950065
0950132
0950153
0950712
0950754
0951339
0951881
0952032
0952452
0952626
0952858
0952988
0954519
0954823
0955257
0955582
0955819
0955927
0956275
0956594
0956612
0956703
0956847
0957277
0957403
0957854
0958210
0958211
0958491
0958633
0958650
0958855
0958940
0959334
0959412
0961074
0961463
0961489
0962129
0962159
0965733
0966012
0966048
0966095
0966125
0966504
0966532
0966581
0967021
0967357
0967467
0967581
0967706
0968030
0968437
0968534
0968958
0969673
0970020
0970466
0970608
0970993
0971162
0971232
0971323
0971717
0971968
0972061
0972066
0972178
0972604
0972631
0972946
0972949
0973339
0973703
0973865
0973993
0974058
0974228
0974258
0974857
0975059
0975567
0976132
0976661
0976853
0977597
0978155
0978419
0978557
0978667
0978877
0979176
0980452
0980469
0980723
0981090
0981657
0982755
0983673
0984027
0984227
0984438
0984853
0985188
0985537
0986279
0986777
0988740
0989267
0989508
0990202
0990574
0990746
0991555
0992764
0993056
0993227
0993554
0994079
0994816
0994883
0995014
0995244
0996069
0996146
0997448
0998727
0999361
0999530
0999673
1000043
1000190
1001326
1001695
1001953
1002678
1002819
1003840
1004197
1004474
1004830
1005232
1005723
1005878
1005944
1006105
1006178
1006265
1006274
1006375
1007204
1007369
1007438
1007856
1008137
1009191
1009570
1010364
1010800
1011217
1011417
1011660
1012239
1012660
1012695
1012768
1013259
1014133
1014644
1014927
1015875
1016191
1016630
1017236
1017394
1017421
1017527
1017783
1018118
1018406
1018474
1018705
1018762
1018892
1018908
1019169
1020096
1020840
1020956
1021050
1021212
1021911
1022481
1023808
1023822
1024149
1024517
1025043
1025352
1025594
1025597
1025765
1027379
1027381
1027567
1027597
1028613
1028739
1029842
1030031
1031433
1031492
1031585
1031674
1031702
1032794
1032951
1033011
1034329
1034356
1034496
1034889
1034989
1036298
1036952
1037141
1037880
1038323
1039299
1039746
1039897
1039932
1039999
1041025
1041121
1041568
1041626
1041630
1042711
1042970
1043638
1044021
1044041
1044422
1044946
1045278
1045988
1046923
1047089
1047219
1047571
1048003
1048045
1048154
1048333
1048363
1049042
1049685
1049784
1049825
1050108
1050291
1050357
1050626
1051113
1051829
1052709
1052757
1053130
1054098
1054292
1054378
1055269
1055769
1056348
1056818
1057503
1057552
1058817
1059093
1059203
1059300
1059880
1060445
1061391
1061468
1061662
1061677
1062311
1063265
1063452
1063834
1064843
1064996
1065977
1066600
1067360
1067590
1068221
1068333
1068824
1069271
1069328
1069835
1070737
1070796
1070836
1070901
1071021
1071254
1071532
1071690
1072155
1072532
1072579
1072700
1072844
1073276
1073536
1073782
1073925
1074213
1074799
1075147
1075501
1075572
1076038
1076085
1076577
1077414
1078210
1078220
1078403
1078517
1078522
1079204
1079249
1079590
1080506
1081810
1081983
1082396
1082724
1082778
1082846
1082872
1082877
1082915
1083290
1083342
1083732
1083911
1084059
1084759
1085056
1085144
1085464
1085658
1085962
1086039
1086701
1087128
1087573
1088216
1088681
1088863
1089011
1089519
1090051
1090616
1090773
1091471
1091517
1091954
1092022
1092274
1092341
1092954
1093071
1093465
1093533
1094324
1094340
1094933
1095615
1095642
1095819
1096075
1097719
1097948
1098204
1098311
1098981
1099167
1100222
1100318
1100825
1101051
1101471
1101799
1102304
1102505
1102662
1102763
1102828
1103836
1104072
1104186
1104402
1104857
1104925
1104956
1105114
1105159
1105702
1105717
1105949
1106012
1106383
1106627
1106717
1107556
1107747
1107959
1108169
1108357
1108879
1109104
1109446
1109540
1109884
1110641
1111199
1111760
1112190
1112440
1112544
1112606
1112608
1112731
1112790
1113261
1113908
1113948
1114255
1114700
1114725
1115049
1116046
1116320
1116437
1116737
1117237
1117304
1117903
1119499
1119731
1120767
1121256
1121641
1121800
1121942
1122310
1122934
1122996
1123107
1123379
1123471
1123497
1123527
1123748
1123883
1124034
1124275
1124399
1125232
1125821
1126278
1126359
1126636
1126696
1126715
1126839
1127924
1129405
1129619
1129929
1130122
1130272
1130423
1130689
1131225
1131414
1131737
1132251
1132351
1132585
1133416
1133478
1133509
1133669
1135121
1135382
1136257
1136675
1137392
1137500
1137848
1137876
1138259
1139068
1139447
1140132
1140415
1141022
1141522
1142085
1142697
1143540
1143823
1144240
1145739
1145879
1146178
1146612
1146644
1146705
1146881
1149193
1149711
1150086
1150401
1150481
1150623
1150699
1152423
1152436
1152439
1152664
1152820
1153747
1153763
1155097
1156545
1156550
1156616
1157506
1157583
1158349
1158523
1158717
1158841
1159051
1160182
1160224
1161315
1161665
1161990
1162177
1162349
1163168
1163497
1163933
1164282
1164784
1164816
1164966
1165128
1165271
1165785
1165810
1165836
1166023
1166689
1167115
1167231
1167400
1167490
1167742
1168219
1168483
1169326
1169470
1170465
1170638
1170678
1170692
1170890
1171338
1171443
1172072
1172133
1172465
1172986
1173312
1173818
1174708
1176712
1177127
1177135
1178168
1178307
1178533
1179091
1179559
1179628
1179661
1179846
1179978
1180516
1181280
1181298
1181785
1181811
1182217
1182536
1182714
1182883
1183393
1184036
1184975
1185573
1185726
1186457
1186508
1186520
1186560
1186862
1187487
1187666
1188442
1188666
1188789
1188880
1189275
1189544
1189844
1189866
1190110
1190433
1191365
1192400
1192562
1193026
1193170
1193471
1193999
1194152
1194769
1195055
1196157
1196502
1196796
1197171
1197979
1197987
1198031
1198124
1198146
1198289
1198609
1200678
1201215
1201705
1201706
1201810
1201834
1201849
1202242
1202333
1202403
1202837
1204103
1204369
1204832
1204949
1205244
1206025
1206627
1207546
1208022
1208191
1208264
1209705
1209716
1210097
1210517
1210549
1211383
1211470
1212378
1212572
1213393
1213887
1214247
1214357
1214365
1215304
1215767
1216206
1216817
1217626
1217768
1218168
1218619
1219105
1219238
1220654
1221223
1221485
1221869
1222699
1222751
1223063
1223071
1223103
1223138
1223285
1224341
1224591
1224662
1224753
1225192
1225308
1226059
1226497
1227001
1227073
1227306
1227469
1227513
1227923
1227952
1228068
1228912
1229219
1229301
1229491
1229939
1229991
1230329
1230921
1231441
1231619
1232258
1233014
1233312
1233475
1233712
1234842
1235455
1235768
1236280
1236330
1236353
1236501
1236667
1236807
1237447
1237642
1237815
1237867
1237999
1239454
1241050
1241587
1242037
1242041
1242222
1242251
1242345
1242364
1243281
1243782
1244571
1244865
1246351
1246390
1246436
1246732
1247519
1248212
1248405
1248587
1248750
1248774
1249014
1249444
1249456
1249740
1249805
1249872
1250247
1250671
1250815
1250831
1251115
1251740
1252623
1253532
1253883
1253909
1254689
1255245
1255311
1255377
1255512
1255737
1255753
1256877
1257636
1257654
1257689
1257712
1257927
1258063
1258219
1258235
1259413
1261308
1261510
1261566
1261600
1261644
1261871
1262652
1263169
1263273
1263811
1264167
1264185
1264445
1264489
1265708
1265886
1266337
1266689
1267117
1267742
1268456
1268605
1268735
1268991
1269075
1269426
1269516
1269619
1269848
1269953
1270081
1270388
1270559
1270570
1271508
1271540
1271551
1272416
1272455
1272517
1272595
1272613
1273320
1273500
1273835
1275171
1276958
1277113
1277216
1277413
1277460
1278230
1278426
1278975
1279186
1279756
1279918
1280197
1280281
1280549
1280676
1280883
1280977
1281327
1281589
1281867
1281900
1283029
1283035
1283055
1283059
1283620
1283700
1283747
1283947
1284086
1284579
1284706
1284736
1285367
1285587
1286167
1286380
1287461
1287718
1288105
1289068
1289310
1289528
1290003
1290048
1290861
1291028
1291109
1291616
1292125
1292345
1292406
1292481
1292523
1292609
1292696
1292947
1293509
1294210
1294311
1294601
1295044
1295394
1295729
1296139
1296656
1297017
1297746
1297750
1298383
1298453
1298753
1299115
1299328
1299421
1300243
1300367
1301141
1302016
1302109
1302570
1302634
1302797
1303195
1303589
1303690
1303857
1303914
1303946
1304005
1304630
1305292
1305632
1306018
1307001
1307151
1307223
1307640
1307662
1307894
1308241
1308487
1309294
1309305
1309333
1309823
1310408
1310515
1310566
1310642
1310743
1312353
1312520
1313017
1313134
1313271
1313428
1313792
1314542
1314690
1315349
1316452
1316725
1316767
1317087
1317230
1317411
1317780
1317981
1318259
1318415
1318478
1318816
1319182
1319422
1320079
1320677
1321121
1321143
1321870
1321941
1322048
1322801
1324033
1324557
1325024
1325423
1325670
1326041
1326702
1326713
1326785
1326913
1326943
1326970
1327070
1327220
1327283
1327590
1327591
1328084
1328168
1328363
1328602
1328958
1329243
1329642
1329750
1330020
1330165
1330362
1330972
1331158
1331232
1332200
1332476
1332793
1333759
1333984
1334185
1334433
1334473
1334723
1335083
1335199
1335340
1335356
1335964
1336078
1336309
1336699
1337104
1337214
1338078
1338417
1338588
1338791
1338849
1339335
1339809
1339952
1340152
1340664
1340946
1341696
1342065
1342306
1342614
1342677
1342856
1342860
1342894
1343143
1343231
1343265
1343518
1344019
1344071
1344225
1345085
1345202
1345432
1345819
1347214
1347366
1347410
1347568
1347728
1348009
1348063
1348110
1348234
1348832
1349030
1349088
1349222
1349883
1349970
1349992
1350063
1350218
1350236
1350678
1351667
1351722
1351852
1353470
1353493
1354021
1354568
1354768
1355492
1355606
1355643
1355745
1355910
1356376
1356750
1357028
1357194
1357277
1357304
1359320
1359423
1359806
1360204
1360580
1360739
1361176
1361187
1361531
1361591
1362497
1362637
1362664
1362681
1363015
1363777
1364204
1364417
1364471
1365025
1365882
1365901
1365985
1366111
1366705
1367118
1367995
1368020
1368116
1368305
1368441
1370186
1370250
1370346
1370372
1370558
1370572
1370863
1371023
1371107
1371967
1372031
1372233
1372400
1372457
1373871
1374210
1374570
1375192
1375883
1376006
1376248
1376411
1377020
1377070
1377296
1377416
1377478
1377633
1377835
1377858
1378251
1379087
1379175
1379927
1381060
1381443
1381907
1382014
1382396
1382504
1382550
1383137
1383197
1383274
1383546
1383593
1383889
1384172
1384222
1384826
1385749
1386039
1386664
1386819
1387383
1387573
1387710
1387814
1387842
1388274
1388693
1389259
1389260
1389383
1389758
1390088
1391600
1391649
1391656
1391758
1391825
1392430
1392552
1392665
1392701
1393554
1393840
1394258
1395001
1395490
1395818
1395916
1396225
1396303
1397434
1398219
1399492
1400353
1400493
1400785
1401089
1401205
1401224
1401483
1401488
1401987
1402252
1403187
1403266
1403671
1403805
1404649
1404665
1405539
1406026
1406298
1406448
1406482
1406931
1407384
1407418
1407473
1407731
1407868
1408621
1408698
1408775
1408823
1408858
1409007
1409368
1409525
1409709
1409733
1409822
1409938
1410107
1410119
1410207
1410405
1410496
1410711
1410855
1411595
1411785
1412022
1412381
1412413
1412416
1412649
1412683
1412795
1413046
1413219
1413240
1413536
1413551
1413944
1414384
1414426
1414712
1414827
1414857
1415710
1415770
1415831
1415878
1416051
1416853
1416855
1417181
1417382
1417432
1417905
1418106
1418310
1418464
1419832
1419955
1420094
1420156
1420360
1420793
1421041
1421473
1421556
1422433
1422438
1422966
1422984
1423010
1423029
1423185
1423574
1424021
1424245
1424473
1425173
1425206
1425881
1426155
1426282
1426835
1426909
1427534
1427625
1427676
1427724
1428012
1428196
1428761
1428904
1429253
1429313
1429625
1430827
1430988
1431132
1431606
1432485
1432502
1432801
1433028
1433569
1433714
1434160
1434194
1434320
1434524
1434685
1434729
1435494
1436054
1436174
1437215
1437432
1437472
1437584
1437736
1437756
1438216
1438308
1438539
1438611
1438669
1439436
1439623
1439840
1440710
1440910
1441191
1441306
1441445
1442273
1442692
1442824
1443021
1443082
1443220
1443231
1443557
1444210
1444858
1445849
1445875
1445897
1446056
1446102
1446135
1447187
1447299
1447363
1447450
1447509
1447570
1447585
1448555
1449498
1450215
1450430
1450585
1451089
1451310
1451522
1451722
1451832
1452304
1452892
1453629
1453691
1453831
1454482
1454498
1454800
1455262
1455378
1455731
1455823
1455958
1455990
1455998
1456138
1456215
1456361
1456509
1456807
1456882
1457134
1457178
1457259
1457468
1457591
1457826
1457857
1457994
1458239
1458279
1458970
1459006
1459107
1459450
1459458
1459668
1459717
1459876
1460024
1460252
1460507
1460529
1460711
1460974
1461803
1461942
1462349
1462585
1462784
1462865
1462869
1463101
1463168
1463387
1463450
1464184
1464253
1464769
1465405
1465461
1466074
1466178
1466494
1466802
1466805
1467036
1467151
1467341
1467508
1467805
1468379
1468524
1468824
1468863
1469095
1469427
1469567
1469599
1469635
1469640
1470642
1470908
1471037
1471040
1471187
1471734
1472212
1472604
1472636
1473117
1473300
1473558
1474204
1474267
1474499
1474524
1474823
1474854
1474862
1475135
1475644
1475771
1475908
1475989
1476345
1476662
1476709
1476839
1476966
1476998
1477188
1477207
1477625
1477749
1477781
1478322
1478389
1478643
1478719
1478942
1479295
1479649
1479709
1479873
1479930
1479996
1480229
1480289
1480333
1480466
1480692
1480921
1480969
1480975
1480988
1481179
1481428
1481520
1481552
1482182
1482730
1482764
1482917
1483330
1483667
1484265
1484399
1484577
1485378
1486107
1486398
1487083
1488375
1488535
1488744
1489237
1489463
1489631
1489775
1490127
1490129
1490460
1490540
1490782
1490971
1491026
1491396
1491751
1491759
1491867
1492057
1492083
1492418
1492440
1492450
1493094
1493211
1493228
1493342
1493421
1494102
1494186
1494713
1494770
1494801
1495001
1495373
1495807
1495962
1496008
1496172
1496343
1496675
1496926
1497064
1497235
1497414
1497571
1497692
1497699
1497800
1497810
1497929
1498003
1498158
1498697
1499065
1499192
1499739
1499755
1499985
1500233
1500260
1500666
1500819
1500850
1501170
1501187
1501352
1501467
1501473
1501737
1501817
1501850
1501861
1501906
1502417
1502721
1502835
1502846
1503152
1503325
1503852
1503926
1504011
1504333
1504909
1505253
1505269
1505284
1505454
1505488
1505580
1505831
1505995
1506009
1506125
1506654
1506937
1507129
1507246
1507323
1507373
1508277
1508658
1508826
1508829
1509223
1509258
1509291
1509671
1509699
1509974
1510015
1510047
1510207
1510244
1511321
1511403
1511437
1511744
1513616
1513658
1513937
1514220
1514225
1514261
1514360
1514364
1514696
1514795
1515068
1515389
1515686
1515722
1516197
1516333
1516568
1516578
1516930
1517227
1517292
1517475
1518069
1518093
1518207
1518243
1519498
1519567
1519585
1519792
1519800
1519820
1519828
1519956
1520506
1520511
1520552
1520677
1520679
1520821
1520861
1520954
1521119
1521371
1521383
1521613
1522000
1522101
1522164
1523112
1523142
1523608
1523730
1523751
1523773
1523846
1523866
1523895
1524036
1524238
1524239
1524272
1524591
1524629
1525256
1525406
1525445
1525458
1525685
1525870
1526061
1526163
1526346
1526421
1526630
1527308
1527369
1527790
1527893
1527980
1528098
1528106
1528250
1528283
1528310
1528857
1528859
1528959
1529336
1529360
1529903
1530163
1530227
1530470
1530538
1531398
1531533
1531653
1531674
1532353
1532359
1532470
1532745
1532930
1532961
1533759
1533963
1533995
1534703
1534880
1534942
1535181
1535848
1536055
1536224
1537012
1537039
1537121
1537417
1537637
1538245
1538252
1538453
1538538
1538668
1538772
1539214
1539279
1539372
1539383
1539679
1540096
1540129
1540511
1540832
1541033
1541423
1541425
1541447
1541601
1541660
1542084
1542222
1542281
1542289
1543073
1543090
1543347
1543576
1543798
1544240
1544684
1544727
1545551
1545568
1545688
1545927
1546166
1546684
1546886
1546910
1546926
1547603
1547919
1548134
1548159
1548258
1548301
1548398
1548407
1548574
1548630
1548733
1548952
1549388
1549563
1549637
1549773
1549863
1549932
1550310
1550356
1550433
1550447
1550571
1550841
1550892
1550913
1550993
1550994
1551068
1551148
1551253
1551533
1551618
1551721
1551906
1552015
1552154
1552442
1552785
1552922
1553094
1553336
1553472
1553930
1554036
1554103
1554367
1554465
1554569
1554597
1554708
1554784
1554842
1554942
1554958
1554966
1555084
1555249
1555277
1555356
1555502
1555614
1555864
1555978
1556029
1556823
1556981
1557183
1557338
1557445
1557764
1557845
1557919
1558060
1558064
1558292
1558356
1558483
1558599
1558605
1559203
1559245
1559732
1559771
1559872
1559930
1560134
1560220
1560289
1560351
1560461
1560524
1561052
1561075
1561279
1561608
1561980
1562044
1562308
1562529
1562989
1563122
1563171
1563209
1563218
1563450
1563654
1563817
1564255
1564309
1564350
1564558
1564892
1565323
1565385
1565545
1565626
1566006
1566184
1566318
1566337
1566450
1566543
1566816
1566987
1566991
1567000
1567099
1567461
1567674
1567829
1567835
1568219
1568330
1568343
1568585
1568606
1568908
1569089
1569147
1569587
1569685
1569752
1569843
1569890
1569921
1570372
1570473
1570611
1570672
1570804
1570980
1571321
1571778
1571893
1572105
1572211
1572602
1572734
1572847
1572862
1573127
1573232
1573245
1573288
1573312
1573329
1573417
1573720
1573743
1574348
1574373
1574496
1574656
1574800
1574917
1575110
1575135
1575940
1576089
1576155
1576159
1576448
1576506
1576525
1576699
1576952
1577105
1577210
1577461
1577483
1577615
1577714
1577932
1578129
1578134
1578196
1578340
1578425
1578778
1578961
1578997
1579002
1579124
1579212
1579469
1579473
1579704
1579836
1579854
1580236
1580406
1580720
1580799
1581105
1581278
1581320
1581383
1581486
1581808
1582100
1582104
1582106
1582303
1582389
1582742
1583130
1583503
1583756
1584111
1584717
1584773
1584862
1585258
1585491
1585880
1586239
1586292
1586416
1586575
1586786
1586797
1586877
1587230
1587240
1587826
1587936
1588035
1588071
1588358
1588421
1588865
1588947
1589067
1589216
1589593
1589781
1589869
1589998
1590014
1590031
1590133
1590154
1590225
1590467
1590596
1590626
1590649
1590703
1591013
1591327
1591406
1591576
1591585
1591589
1591606
1592171
1592239
1592366
1592966
1593006
1593319
1594204
1594279
1594347
1594560
1594619
1594717
1594789
1594923
1595014
1595018
1595350
1595506
1595746
1595783
1596179
1596619
1596642
1596761
1596824
1596904
1596999
1597229
1597374
1597391
1597425
1597447
1597486
1597544
1597569
1597601
1597736
1597846
1597944
1598132
1598195
1598417
1598455
1599581
1599615
1599879
1599987
1600036
1600186
1600419
1600486
1600524
1600574
1601333
1601467
1601568
1601574
1601721
1601963
1602225
1602353
1602431
1602890
1603197
1603597
1603810
1603918
1604013
1604021
1604104
1604116
1604403
1604618
1604761
1605038
1605057
1605082
1605092
1605373
1605407
1605592
1605598
1605794
1605860
1606067
1607097
1607142
1607336
1607566
1607839
1607901
1607997
1608087
1608130
1608136
1608218
1608309
1608423
1608436
1608636
1608655
1608822
1609046
1609305
1609394
1609412
1609478
1609659
1609679
1610059
1610077
1610394
1610651
1610742
1610902
1611589
1611694
1611719
1612482
1612591
1612749
1612811
1612958
1613597
1613980
1613986
1614306
1614423
1614424
1614584
1614807
1614853
1615358
1615649
1615730
1616051
1616246
1616567
1616773
1616897
1616981
1617020
1617030
1617131
1617367
1617717
1618271
1618356
1618402
1618893
1619070
1619420
1619628
1619893
1620044
1620059
1620209
1620213
1620256
1620491
1620679
1620897
1621083
1621163
1621696
1621944
1622308
1622574
1622614
1623138
1623192
1623201
1623293
1623308
1623546
1623590
1623799
1624083
1624287
1624628
1624684
1624971
1625005
1625242
1625492
1625575
1625785
1626100
1626311
1626575
1626582
1626764
1626776
1626897
1627361
1627403
1627411
1627633
1628070
1628438
1628497
1628499
1628564
1628586
1628914
1628966
1629961
1630092
1630182
1630350
1630679
1630855
1631677
1631682
1631700
1631835
1631954
1632018
1632288
1632483
1632650
1632786
1633235
1633251
1633375
1633721
1634038
1634187
1634287
1634323
1634513
1634515
1634592
1634757
1634899
1634956
1635244
1635481
1635910
1636086
1636386
1636515
1636796
1636802
1636882
1637148
1637544
1638112
1638206
1638264
1638353
1638381
1638485
1638528
1638588
1638594
1638613
1638701
1638715
1639093
1639351
1639403
1639658
1639819
1639898
1639913
1640041
1640178
1640254
1640594
1640692
1640929
1641003
1641030
1641060
1641306
1641398
1641406
1641609
1641935
1642023
1642024
1642402
1642428
1642960
1643105
1643168
1643172
1643248
1643414
1643435
1643803
1644082
1644192
1644206
1644548
1644785
1644918
1646213
1646247
1646709
1646964
1647014
1647310
1647470
1647481
1647520
1648036
1648041
1648055
1648754
1649171
1649274
1649413
1649686
1649930
1650086
1650285
1650494
1650580
1651154
1651249
1651260
1651425
1651467
1651468
1651571
1651630
1651703
1651706
1652289
1652428
1652667
1653073
1653450
1653696
1653784
1653787
1653877
1653961
1654087
1654246
1654351
1654589
1654804
1655048
1655128
1655422
1655515
1655588
1655629
1655713
1656277
1656862
1657053
1657147
1657408
1657566
1657892
1658152
1658931
1659373
1659484
1659488
1659672
1659747
1659796
1660635
1660705
1661528
